simTrack 0.032948 -0.001864 -0.085387 -0.249598 9.998532 -4.666257 1
simHit -0.060520 4.137974 -2.017302 4.138417 -0.469965
simHit -0.114375 7.048537 -3.375907 7.049465 -0.462250
simHit -0.158205 9.920765 -4.716914 9.922026 -0.459100
simHit -0.228852 26.947235 -12.646006 26.948207 -0.453559
simHit -0.182220 32.154587 -15.082170 32.155103 -0.453354
simHit -0.039873 40.818523 -19.105915 40.818543 -0.452472
simHit 0.139217 47.855652 -22.374407 47.855854 -0.451990
simHit 0.567405 59.547047 -27.846062 59.549750 -0.452055
simHit 0.918567 66.923019 -31.281765 66.929323 -0.451852
simHit 1.649660 79.328941 -37.063038 79.346092 -0.451599
simHit 2.089465 85.619858 -39.998142 85.645350 -0.451521
simHit 3.069819 97.789246 -45.671520 97.837418 -0.451331
simHit 3.892962 106.672874 -49.819370 106.743886 -0.451248
simTrack 0.032623 -0.001553 0.000032 4.506986 8.923475 3.758935 -1
simHit 1.897412 3.712725 1.562724 4.169473 0.366539
simHit 3.392548 6.724095 2.826483 7.531456 0.366996
simHit 4.448608 8.868765 3.724866 9.921951 0.367115
simHit 11.892630 24.404583 10.111238 27.148081 0.364334
simHit 15.230704 31.686543 13.121433 35.156953 0.365062
simHit 17.224545 36.076481 14.968827 39.977461 0.366192
simHit 21.999668 46.915100 19.429043 51.817102 0.366682
simHit 25.849220 55.959095 23.152218 61.640916 0.367285
simHit 28.303505 61.869076 25.555740 68.035806 0.367307
simHit 31.327003 69.330315 28.584423 76.079391 0.367397
simHit 35.955647 81.146927 33.363132 88.756027 0.367564
simHit 39.392086 90.266060 37.033134 98.487045 0.367680
simHit 43.111485 100.495621 41.132755 109.352503 0.367800
simTrack 0.031528 0.004120 -0.049831 -9.956339 0.994135 -2.549105 1
simHit -4.125962 0.429258 -1.114575 4.148232 -0.265555
simHit -7.481349 0.788060 -1.975318 7.522740 -0.259652
simHit -9.869784 1.051331 -2.588265 9.925620 -0.257898
simHit -23.603832 2.694524 -6.101007 23.757133 -0.254065
simHit -35.363400 4.277601 -9.133513 35.621172 -0.253677
simHit -43.558903 5.473927 -11.236103 43.901502 -0.253224
simHit -47.485336 6.075174 -12.224916 47.872381 -0.252668
simHit -58.095112 7.793274 -14.990219 58.615503 -0.253029
simHit -69.431236 9.779833 -17.923901 70.116629 -0.252925
simHit -75.952217 10.996048 -19.613785 76.744070 -0.252870
simHit -83.986023 12.562396 -21.701754 84.920350 -0.252851
simHit -94.105309 14.645474 -24.335037 95.238117 -0.252816
simHit -107.850273 17.673679 -27.921324 109.288793 -0.252781
simTrack 0.033173 -0.001762 0.098635 3.827218 9.241632 2.624257 -1
simHit 1.604939 3.819177 1.182543 4.142698 0.281711
simHit 2.878377 6.953046 2.070289 7.525285 0.271754
simHit 3.779236 9.191170 2.703325 9.937818 0.268776
simHit 9.917319 24.933849 7.049738 26.833749 0.259787
simHit 11.796918 29.973333 8.462444 32.211302 0.259785
simHit 15.555019 40.292946 11.348419 43.191204 0.259815
simHit 18.206467 47.825806 13.482740 51.174047 0.260512
simHit 20.963364 55.907387 15.750085 59.708446 0.260816
simHit 24.194998 65.729942 18.462391 70.041582 0.260631
simHit 27.013971 74.639984 20.913284 79.378094 0.260508
simHit 29.776497 83.695877 23.395447 88.834901 0.260406
simHit 32.314865 92.361969 25.762192 97.851846 0.260327
simHit 34.737480 100.955727 28.103365 106.764935 0.260278
simTrack 0.031904 -0.001223 0.014296 -9.421638 -3.329379 -0.950710 1
simHit -3.967547 -1.403777 -0.388778 4.208565 -0.092247
simHit -7.101853 -2.486752 -0.704195 7.524643 -0.093449
simHit -9.823685 -3.416454 -0.976871 10.400814 -0.093785
simHit -22.673534 -7.672109 -2.247393 23.936383 -0.093753
simHit -33.298401 -11.022887 -3.309941 35.075455 -0.094227
simHit -38.540516 -12.623756 -3.809633 40.555278 -0.093799
simHit -48.721523 -15.629862 -4.809773 51.167171 -0.093863
simHit -55.833488 -17.649374 -5.522610 58.556629 -0.094173
simHit -64.875755 -20.123667 -6.404571 67.925147 -0.094149
simHit -72.847595 -22.216198 -7.180102 76.159908 -0.094138
simHit -82.058228 -24.533787 -8.076672 85.647297 -0.094162
simHit -90.833382 -26.642351 -8.926861 94.660013 -0.094165
simHit -102.618164 -29.320980 -10.065060 106.724915 -0.094169
simTrack 0.030703 0.002307 -0.037438 8.806957 -4.755053 -3.728180 1
simHit 4.063016 -2.188604 -1.746951 4.614985 -0.370036
simHit 6.614443 -3.588948 -2.831468 7.525384 -0.367900
simHit 9.126204 -4.978696 -3.901263 10.395913 -0.366976
simHit 20.563410 -11.445297 -8.782621 23.533989 -0.365028
simHit 30.550190 -17.282408 -13.096581 35.099797 -0.364968
simHit 37.982849 -21.740234 -16.309320 43.764536 -0.364533
simHit 41.651581 -23.977518 -17.907417 48.060124 -0.364481
simHit 51.406616 -30.044333 -22.213757 59.542440 -0.364921
simHit 57.629967 -34.005341 -24.966536 66.914694 -0.364954
simHit 68.607109 -41.169235 -29.859131 80.011508 -0.365025
simHit 75.401054 -45.719173 -32.911385 88.179146 -0.365070
simHit 83.366943 -51.175770 -36.512009 97.821300 -0.365088
simHit 93.290840 -58.156895 -41.043182 109.933640 -0.365175
simTrack 0.030703 0.002307 -0.037438 -8.806957 4.755053 3.728180 -1
simHit -4.058546 2.196266 1.691105 4.614692 0.358718
simHit -6.630213 3.561562 2.775519 7.526251 0.360893
simHit -9.171564 4.900007 3.845505 10.398445 0.361866
simHit -23.787716 12.399580 9.879542 26.825455 0.360435
simHit -31.841236 16.358322 13.225346 35.797472 0.361522
simHit -35.713089 18.242437 14.869390 40.102509 0.362775
simHit -45.664223 22.955238 18.986198 51.109336 0.363429
simHit -55.298931 27.375153 22.970242 61.703896 0.364163
simHit -61.010181 29.929523 25.303934 67.956005 0.364249
simHit -71.414398 34.455040 29.541592 79.291652 0.364447
simHit -77.280617 36.933838 31.922338 85.652800 0.364565
simHit -88.521988 41.543362 36.461662 97.785445 0.364733
simHit -96.297859 44.623749 39.591244 106.134616 0.364878
simTrack 0.031866 0.001270 0.050394 9.261699 3.786190 4.804309 1
simHit 3.876003 1.562108 2.042572 4.178945 0.471151
simHit 6.995486 2.814092 3.655478 7.540288 0.467569
simHit 9.646990 3.866746 5.023759 10.393081 0.466293
simHit 22.098967 8.676381 11.351683 23.741186 0.461577
simHit 33.293365 12.825648 17.066456 35.678361 0.461757
simHit 37.565010 14.351700 19.276825 40.213198 0.462680
simHit 44.773285 16.883635 22.921598 47.850853 0.462370
simHit 54.845173 20.304300 28.089146 58.482968 0.463519
simHit 63.907520 23.261864 32.665611 68.009451 0.463531
simHit 75.290413 26.823605 38.389896 79.925916 0.463539
simHit 83.103348 29.169830 42.303825 88.074090 0.463541
simHit 89.979126 31.172157 45.738285 95.225766 0.463535
simHit 100.514870 34.130493 51.004322 106.151446 0.463691
simTrack 0.031866 0.001270 0.050394 -9.261699 -3.786190 -4.804309 -1
simHit -3.855091 -1.598528 -1.967802 4.173370 -0.455589
simHit -6.968941 -2.895880 -3.587999 7.546672 -0.459139
simHit -9.594357 -4.000809 -4.956405 10.395102 -0.460367
simHit -24.561674 -10.498641 -12.777740 26.711370 -0.461776
simHit -29.856527 -12.875313 -15.573511 32.514395 -0.462326
simHit -36.641098 -15.986912 -19.140905 39.976886 -0.462169
simHit -44.145702 -19.510605 -23.112717 48.264964 -0.462235
simHit -57.188152 -25.844135 -30.081116 62.756706 -0.462647
simHit -63.702515 -29.112320 -33.568813 70.039543 -0.462606
simHit -71.948624 -33.343479 -38.001431 79.299382 -0.462544
simHit -77.471008 -36.238323 -40.985260 85.527617 -0.462535
simHit -85.459091 -40.516144 -45.316708 94.577028 -0.462487
simHit -96.115211 -46.389851 -51.133503 106.724656 -0.462455
simTrack 0.032686 -0.001135 0.000847 -5.865745 -8.105906 1.807492 1
simHit -2.700042 -3.756155 0.839710 4.625898 0.180541
simHit -4.133745 -5.708928 1.277289 7.048383 0.180240
simHit -6.125040 -8.402467 1.882060 10.397959 0.180029
simHit -16.180704 -21.666822 4.795652 27.041937 0.176425
simHit -19.699619 -26.205643 5.834429 32.784306 0.177038
simHit -26.194206 -34.401554 7.728023 43.238910 0.177790
simHit -29.269125 -38.209789 8.620116 48.131795 0.178150
simHit -36.604622 -47.118999 10.775290 59.666561 0.179624
simHit -43.361710 -55.113983 12.663855 70.126949 0.179617
simHit -49.794945 -62.555252 14.438580 79.954338 0.179618
simHit -53.073036 -66.281662 15.334682 84.911754 0.179628
simHit -62.132164 -76.362900 17.777451 98.446423 0.179613
simHit -69.941689 -84.807510 19.849951 109.927947 0.179605
simTrack 0.032686 -0.001135 0.000847 5.865745 8.105906 -1.807492 -1
simHit 2.722788 3.737152 -0.831114 4.623838 -0.178791
simHit 4.131038 5.710984 -1.269164 7.048461 -0.179103
simHit 6.066125 8.442697 -1.875146 10.396009 -0.179408
simHit 13.549360 19.219660 -4.232962 23.515537 -0.179049
simHit 20.040894 28.856232 -6.340862 35.132884 -0.179517
simHit 22.747396 32.960300 -7.212021 40.047790 -0.179126
simHit 28.825365 42.360748 -9.225468 51.238020 -0.179092
simHit 32.674637 48.459663 -10.553833 58.446308 -0.179606
simHit 39.342999 59.295094 -12.850138 71.160239 -0.179613
simHit 43.569698 66.356628 -14.336576 79.382119 -0.179634
simHit 48.306145 74.457306 -16.029533 88.754572 -0.179637
simHit 52.787163 82.301468 -17.657452 97.775335 -0.179625
simHit 56.876945 89.627411 -19.168262 106.151117 -0.179608
simTrack 0.033866 -0.001497 0.005820 -9.668473 -2.552832 4.785317 1
simHit -4.476158 -1.179582 2.236652 4.628974 0.466122
simHit -7.291778 -1.902248 3.627891 7.535820 0.464532
simHit -9.607775 -2.488964 4.771783 9.924932 0.463962
simHit -22.800308 -5.705201 11.181616 23.503263 0.459415
simHit -34.433643 -8.375847 16.892059 35.437700 0.460247
simHit -39.026173 -9.369797 19.179558 40.135212 0.461334
simHit -46.619171 -10.972999 22.884081 47.893150 0.461282
simHit -56.975620 -13.044751 28.021917 58.449866 0.462727
simHit -69.530479 -15.379520 34.150669 71.211075 0.462864
simHit -78.133194 -16.871706 38.342110 79.934038 0.462956
simHit -83.042717 -17.682901 40.731964 84.904522 0.463016
simHit -93.323242 -19.291828 45.727169 95.296391 0.463109
simHit -107.183372 -21.266172 52.448208 109.272711 0.463230
simTrack 0.033866 -0.001497 0.005820 9.668473 2.552832 -4.785317 -1
simHit 4.475420 1.183568 -2.194300 4.629278 -0.457841
simHit 7.278203 1.943852 -3.584948 7.533313 -0.459534
simHit 9.587348 2.577990 -4.731364 9.927904 -0.460160
simHit 26.173641 7.335567 -12.971583 27.182164 -0.460735
simHit 30.969204 8.776472 -15.377045 32.188788 -0.461191
simHit 38.368229 11.060699 -19.066053 39.930690 -0.460978
simHit 46.388062 13.618236 -23.075705 48.345719 -0.460822
simHit 60.113853 18.193382 -30.019646 62.806644 -0.461421
simHit 63.930092 19.511530 -31.948269 66.841278 -0.461423
simHit 75.714783 23.702829 -37.924488 79.338216 -0.461458
simHit 84.574867 26.979702 -42.438030 88.773940 -0.461490
simHit 90.032906 29.053530 -45.226006 94.604607 -0.461496
simHit 104.405037 34.710552 -52.581131 110.023789 -0.461364
simTrack 0.032409 -0.000252 -0.054019 -9.755761 -2.241396 -2.271168 1
simHit -4.502562 -1.029748 -1.109083 4.618814 -0.237873
simHit -7.367988 -1.667537 -1.775015 7.554332 -0.232856
simHit -9.679391 -2.174641 -2.311327 9.920669 -0.230923
simHit -23.009459 -4.971756 -5.384693 23.540466 -0.226793
simHit -34.901417 -7.284523 -8.130052 35.653516 -0.226098
simHit -39.506607 -8.136421 -9.169176 40.335758 -0.225408
simHit -50.187645 -10.009905 -11.620308 51.176146 -0.225158
simHit -57.432945 -11.201441 -13.297431 58.515088 -0.225336
simHit -69.916374 -13.110394 -16.151558 71.134955 -0.225148
simHit -78.069283 -14.254416 -18.010933 79.359947 -0.225048
simHit -86.800797 -15.396319 -20.004543 88.155686 -0.225019
simHit -97.036797 -16.617512 -22.332767 98.449386 -0.224943
simHit -107.868233 -17.776070 -24.797253 109.323119 -0.224924
simTrack 0.028443 0.000359 -0.061491 -6.864327 7.281412 1.923143 1
simHit -2.819453 3.035775 0.738434 4.143097 0.177302
simHit -4.817595 5.183281 1.302192 7.076413 0.182996
simHit -7.067600 7.619618 1.938269 10.392765 0.185437
simHit -18.136278 19.879480 5.017529 26.909447 0.185396
simHit -21.629009 23.850077 6.033197 32.196897 0.186305
simHit -28.794352 32.152977 8.141464 43.161657 0.187526
simHit -31.812557 35.716492 9.048992 47.829976 0.188080
simHit -41.361790 47.251423 11.990807 62.797250 0.189803
simHit -45.922192 52.909225 13.387426 70.058788 0.189944
simHit -50.108189 58.185291 14.682358 76.787751 0.190061
simHit -55.162781 64.668907 16.268005 85.000000 0.190239
simHit -61.004719 72.323578 18.121475 94.616466 0.190374
simHit -68.276840 82.105232 20.468327 106.784812 0.190524
simTrack 0.031082 0.000721 -0.072142 9.967805 -0.708919 -2.422863 1
simHit 4.148502 -0.301979 -1.073126 4.159479 -0.255216
simHit 7.504984 -0.563207 -1.889691 7.526087 -0.248519
simHit 9.891807 -0.756926 -2.470317 9.920725 -0.246502
simHit 23.578382 -1.994347 -5.785424 23.662577 -0.242124
simHit 35.282684 -3.227586 -8.638432 35.430003 -0.241464
simHit 40.216038 -3.526468 -6.427501 40.370356 -0.158548
simHit 51.540600 -5.196705 -12.584240 51.801922 -0.240602
simHit 61.370556 -6.539684 -14.999598 61.718009 -0.240703
simHit 70.695389 -7.921163 -17.282377 71.137774 -0.240614
simHit 79.383331 -9.299692 -19.411463 79.926201 -0.240541
simHit 87.511742 -10.671043 -21.412794 88.159946 -0.240559
simHit 97.636093 -12.490604 -23.923773 98.431813 -0.240718
simHit 105.166275 -13.923752 -25.796175 106.084006 -0.240833
simTrack 0.031082 0.000721 -0.072142 -9.967805 0.708919 2.422863 -1
simHit -4.150857 0.288186 0.944120 4.160850 0.225002
simHit -7.511042 0.504655 1.760295 7.527976 0.231754
simHit -9.899815 0.650853 2.340264 9.921186 0.233751
simHit -26.766483 1.503912 6.347125 26.808700 0.234598
simHit -31.963362 1.688737 7.610100 32.007942 0.235572
simHit -43.249992 2.001881 10.352142 43.296297 0.236878
simHit -51.230923 2.137271 12.326609 51.275485 0.238142
simHit -59.495678 2.205796 14.360149 59.536554 0.238919
simHit -70.577370 2.173249 17.043850 70.610822 0.239093
simHit -79.263863 2.048303 19.150507 79.290324 0.239235
simHit -85.610085 1.903828 20.691492 85.631251 0.239343
simHit -97.799446 1.494310 23.649826 97.810861 0.239495
simHit -109.979317 0.914471 26.606115 109.983119 0.239611
simTrack 0.031785 0.001731 -0.084907 -6.263469 7.790842 3.358346 1
simHit -2.565848 3.248579 1.311964 4.139666 0.311846
simHit -4.672014 5.904223 2.450714 7.529115 0.320008
simHit -6.167104 7.802446 3.262666 9.945418 0.322441
simHit -16.486382 21.204081 8.857403 26.859148 0.324070
simHit -21.622719 28.040186 11.732018 35.408954 0.325548
simHit -24.450319 31.886408 13.373535 40.181602 0.326970
simHit -30.878237 40.792698 17.087458 51.161604 0.328073
simHit -35.093430 46.757462 19.581928 58.462030 0.328985
simHit -42.350292 57.279308 23.891369 71.235289 0.329398
simHit -46.841064 63.955845 26.606869 79.274431 0.329628
simHit -52.065254 71.890610 29.812925 88.764016 0.329853
simHit -55.278397 76.868828 31.813114 94.681138 0.329981
simHit -63.111347 89.311348 36.772896 109.359769 0.330222
simTrack 0.031785 0.001731 -0.084907 6.263469 -7.790842 -3.358346 -1
simHit 2.620355 -3.202846 -1.468812 4.138173 -0.347883
simHit 4.765962 -5.836008 -2.609133 7.534811 -0.339706
simHit 6.591968 -8.061027 -3.574954 10.413174 -0.336901
simHit 15.259988 -18.423351 -8.086555 23.922523 -0.331904
simHit 22.619629 -26.974945 -11.876621 35.203626 -0.331277
simHit 27.979902 -33.061478 -14.580860 43.312080 -0.330592
simHit 31.067205 -36.517632 -16.130886 47.944850 -0.330402
simHit 38.926868 -45.152519 -20.068287 59.615863 -0.330573
simHit 46.062283 -52.792213 -23.568144 70.062484 -0.330346
simHit 52.902737 -59.952396 -26.880148 79.956172 -0.330155
simHit 56.369469 -63.518200 -28.546600 84.923958 -0.330115
simHit 63.661995 -70.890884 -32.015751 95.280465 -0.329994
simHit 71.358688 -78.487015 -35.634617 106.076736 -0.329915
simTrack 0.034227 0.000076 0.067497 -9.523628 -3.077969 1.445523 1
simHit -4.432051 -1.429808 0.744402 4.656976 0.159174
simHit -7.165414 -2.291169 1.158217 7.522806 0.153359
simHit -9.927209 -3.152533 1.575661 10.415754 0.150706
simHit -25.874960 -7.921967 3.884502 27.060508 0.143060
simHit -30.717875 -9.317920 4.614135 32.100022 0.143252
simHit -42.070240 -12.449765 6.316797 43.873702 0.143484
simHit -46.396484 -13.600478 6.971067 48.348803 0.143688
simHit -57.265034 -16.386005 8.661468 59.563288 0.144909
simHit -64.358315 -18.123533 9.718824 66.861462 0.144851
simHit -77.153572 -21.103401 11.622576 79.987669 0.144798
simHit -81.958725 -22.169714 12.336798 84.904233 0.144796
simHit -92.078766 -24.323019 13.834898 95.237117 0.144762
simHit -101.784546 -29.864006 17.470436 106.075222 0.163963
simTrack 0.034227 0.000076 0.067497 9.523628 3.077969 -1.445523 -1
simHit 4.431286 1.433909 -0.600195 4.657509 -0.128512
simHit 7.151526 2.333748 -1.013826 7.522679 -0.134365
simHit 9.886214 3.248867 -1.429510 10.406362 -0.136940
simHit 22.684383 7.653320 -3.367395 23.940647 -0.140196
simHit 33.347103 11.493421 -5.013318 35.272199 -0.141658
simHit 38.169853 13.280601 -5.741101 40.414255 -0.141583
simHit 48.884380 17.366276 -7.395114 51.877453 -0.142071
simHit 55.057037 19.793455 -8.382763 58.506908 -0.142792
simHit 63.877403 23.358042 -9.761305 68.014122 -0.143031
simHit 74.281815 27.706923 -11.393982 79.280903 -0.143226
simHit 82.979164 31.465801 -12.765636 88.744793 -0.143355
simHit 88.352219 33.843521 -13.614906 94.612359 -0.143410
simHit 99.402588 38.868839 -15.370458 106.731725 -0.143517
simTrack 0.031647 -0.001779 -0.042373 -6.582583 7.515339 4.487053 1
simHit -2.702084 3.134259 1.826152 4.138217 0.428094
simHit -4.932223 5.715218 3.358485 7.549208 0.431375
simHit -6.788316 7.878738 4.639831 10.399795 0.432533
simHit -17.285202 20.405279 11.904425 26.742356 0.431625
simHit -22.638973 26.954254 15.711371 35.200212 0.432713
simHit -25.624830 30.692036 17.900612 39.982909 0.433957
simHit -30.610767 37.008904 21.497025 48.027888 0.433855
simHit -37.058903 45.362556 26.301325 58.575795 0.435150
simHit -44.603889 55.411083 31.946693 71.132940 0.435240
simHit -49.453224 62.032204 35.636963 79.332312 0.435330
simHit -54.558498 69.148888 39.573921 88.080636 0.435404
simHit -58.253986 74.506111 54.953827 94.576358 0.552510
simHit -64.837746 83.952835 47.675682 106.075500 0.435548
simTrack 0.031783 -0.000639 -0.068726 -8.390998 5.448935 1.827656 1
simHit -3.859412 2.541115 0.780447 4.620858 0.168104
simHit -6.296308 4.146965 1.314552 7.539284 0.173489
simHit -8.688462 5.736626 1.838212 10.411448 0.175652
simHit -22.685019 15.271858 4.842480 27.346658 0.176165
simHit -26.474209 17.910534 5.687658 31.963588 0.177016
simHit -35.748013 24.518850 7.773351 43.348523 0.178375
simHit -39.383190 27.160128 8.602112 47.840445 0.178853
simHit -48.824467 34.152626 10.806939 59.583810 0.180394
simHit -57.152309 40.489075 12.717737 70.041071 0.180592
simHit -62.471306 44.617008 13.948635 76.768102 0.180713
simHit -68.858940 49.661777 15.439052 84.899033 0.180864
simHit -79.396217 58.199055 17.917328 98.442315 0.181018
simHit -88.240990 65.577904 20.023903 109.940592 0.181142
simTrack 0.031783 -0.000639 -0.068726 8.390998 -5.448935 -1.827656 -1
simHit 3.888499 -2.490852 -0.907270 4.617875 -0.195227
simHit 6.342412 -4.060171 -1.439107 7.530682 -0.189955
simHit 8.767323 -5.600201 -1.963642 10.403279 -0.187649
simHit 20.011934 -12.595820 -4.368185 23.645977 -0.183698
simHit 29.960884 -18.596487 -6.494191 35.263067 -0.183139
simHit 34.608700 -21.338188 -7.459657 40.658091 -0.182459
simHit 44.233749 -26.901381 -9.486124 51.771699 -0.182220
simHit 50.079884 -30.201883 -10.726206 58.482036 -0.182397
simHit 58.431255 -34.810238 -12.463764 68.014442 -0.182241
simHit 68.469711 -40.199020 -14.542218 79.398127 -0.182147
simHit 76.782600 -44.534004 -16.255424 88.762860 -0.182125
simHit 84.826035 -48.620579 -17.900551 97.772270 -0.182076
simHit 92.320351 -52.332359 -19.428370 106.121265 -0.182069
simTrack 0.033186 0.000882 -0.013144 -9.964319 0.954180 -3.080434 1
simHit -4.129416 0.409665 -1.300384 4.149687 -0.308455
simHit -7.484924 0.754061 -2.338085 7.522812 -0.306001
simHit -9.873077 1.007373 -3.077038 9.924337 -0.305286
simHit -23.600067 2.590513 -7.311682 23.741818 -0.303295
simHit -35.364574 4.130970 -10.970558 35.605028 -0.303440
simHit -43.542793 5.291829 -13.507369 43.863177 -0.303273
simHit -47.490086 5.882221 -14.711576 47.852991 -0.302785
simHit -58.108265 7.559508 -18.043537 58.597923 -0.303252
simHit -69.457054 9.505088 -21.584608 70.104415 -0.303224
simHit -75.988564 10.698760 -23.625546 76.738030 -0.303206
simHit -84.045486 12.239952 -26.151524 84.932092 -0.303242
simHit -94.155251 14.284369 -29.323635 95.232633 -0.303247
simHit -107.909676 17.267666 -33.647324 109.282525 -0.303225
simTrack 0.030667 0.000759 0.061636 4.816057 -8.769990 3.459107 1
simHit 2.044050 -3.686301 1.514073 4.215086 0.351896
simHit 3.403499 -6.200153 2.502555 7.072885 0.346829
simHit 4.977609 -9.138116 3.653636 10.405852 0.344272
simHit 12.532879 -23.638832 9.204216 26.755699 0.337562
simHit 17.342819 -30.734377 17.347126 35.289875 0.473651
simHit 18.648207 -35.836464 13.932707 40.398116 0.338390
simHit 23.551285 -45.992241 17.823547 51.671552 0.338441
simHit 26.433231 -52.120739 20.189880 58.440458 0.338950
simHit 31.713310 -63.677094 24.551807 71.137236 0.338624
simHit 33.777290 -68.302650 26.288057 76.198146 0.338495
simHit 38.765266 -79.809753 30.589758 88.726223 0.338277
simHit 42.287350 -88.215836 33.712162 97.827673 0.338128
simHit 45.429073 -95.929352 36.564438 106.142552 0.338011
simTrack 0.030667 0.000759 0.061636 -4.816057 8.769990 -3.459107 -1
simHit -2.232539 4.096414 -1.556260 4.665280 -0.327687
simHit -3.405362 6.199283 -2.388993 7.073019 -0.331648
simHit -5.039855 9.108081 -3.542387 10.409480 -0.334056
simHit -11.653449 20.611389 -8.111145 23.677674 -0.336196
simHit -17.568037 30.575541 -12.121115 35.263290 -0.337300
simHit -21.905027 37.676903 -14.986478 43.581868 -0.337430
simHit -24.407227 41.710690 -16.600082 48.326952 -0.337076
simHit -30.737444 51.709145 -20.704634 60.155017 -0.337731
simHit -34.385620 57.335312 -23.014454 66.855881 -0.337780
simHit -39.850128 65.599991 -26.425604 76.755401 -0.337821
simHit -44.403282 72.332626 -29.228430 84.874380 -0.337906
simHit -52.153328 83.491455 -33.917576 98.441824 -0.338068
simHit -58.856060 92.852043 -37.887390 109.934243 -0.338155
simTrack 0.030459 -0.001987 0.007961 -9.747786 -2.258688 -3.476752 1
simHit -4.500930 -1.039000 -1.607084 4.619296 -0.341245
simHit -7.363731 -1.680643 -2.626034 7.553085 -0.341028
simHit -9.675625 -2.191242 -3.448298 9.920648 -0.340944
simHit -22.999311 -5.007379 -8.161108 23.538100 -0.340123
simHit -34.879108 -7.336470 -12.375109 35.642334 -0.340580
simHit -42.561195 -8.750691 -15.073850 43.451467 -0.340306
simHit -47.118057 -9.555264 -16.677164 48.077171 -0.340278
simHit -58.487259 -11.457603 -20.707994 59.598961 -0.340819
simHit -68.825615 -13.055291 -24.342459 70.052879 -0.340849
simHit -78.690895 -14.461031 -27.801651 80.008614 -0.340845
simHit -86.782692 -15.532723 -30.634659 88.161789 -0.340844
simHit -97.014191 -16.776014 -34.201122 98.453988 -0.340749
simHit -108.484467 -18.021217 -38.194931 109.971104 -0.340689
simTrack 0.030459 -0.001987 0.007961 9.747786 2.258688 3.476752 -1
simHit 4.499631 1.045955 1.603145 4.619600 0.340418
simHit 7.348617 1.727085 2.621281 7.548841 0.340618
simHit 9.654108 2.285679 3.445837 9.920994 0.340698
simHit 26.557537 6.581911 9.426303 27.361000 0.338041
simHit 34.294971 8.699305 12.221835 35.381110 0.338909
simHit 38.800213 9.950174 13.889379 40.055742 0.340154
simHit 49.878510 13.157255 17.923841 51.584679 0.340827
simHit 59.519737 16.080257 21.468111 61.653660 0.341527
simHit 65.541649 17.968822 23.671225 67.960182 0.341626
simHit 73.342911 20.486887 26.533367 76.150477 0.341743
simHit 82.312790 23.482656 29.839010 85.596907 0.341899
simHit 93.913185 27.515963 34.127354 97.861200 0.342025
simHit 104.668777 31.421217 38.123260 109.283328 0.342134
simTrack 0.032343 -0.000044 -0.030816 -1.375076 -9.897080 -4.956154 -1
simHit -0.596013 -4.612772 -2.339981 4.651117 -0.483984
simHit -0.912749 -7.011791 -3.540392 7.070949 -0.481834
simHit -1.276808 -9.840245 -4.955111 9.922735 -0.480648
simHit -3.231021 -26.518507 -13.263327 26.714616 -0.478063
simHit -3.774939 -31.694567 -15.849812 31.918580 -0.478142
simHit -4.612400 -40.308895 -20.123928 40.571927 -0.477637
simHit -5.583743 -51.579609 -25.736435 51.880962 -0.477691
simHit -6.161303 -59.227463 -29.561075 59.547074 -0.478018
simHit -6.838553 -69.705780 -34.777351 70.040428 -0.478108
simHit -7.176201 -75.770096 -37.791950 76.109167 -0.478123
simHit -7.611183 -85.191139 -42.471626 85.530464 -0.478139
simHit -8.024407 -97.445740 -48.555527 97.775576 -0.478170
simHit -8.220131 -106.443932 -53.025364 106.760860 -0.478235
simTrack 0.032206 0.000192 -0.077061 -9.499227 3.129296 4.067206 1
simHit -3.979638 1.332228 1.643891 4.196707 0.382327
simHit -6.682518 2.242532 2.802195 7.048759 0.387754
simHit -9.412630 3.171661 3.975771 9.932625 0.390290
simHit -25.575439 8.890370 10.868788 27.076591 0.391343
simHit -33.075836 11.645910 14.122873 35.066197 0.392586
simHit -37.847404 13.460146 16.237490 40.169660 0.393953
simHit -45.713154 16.508551 19.648060 48.602723 0.393986
simHit -54.852306 20.163116 23.717739 58.440797 0.395454
simHit -66.575684 25.033621 28.886545 71.126674 0.395719
simHit -71.131737 26.979221 30.905970 76.076293 0.395832
simHit -79.821960 30.774206 34.772697 85.548800 0.396032
simHit -88.746399 34.791077 38.760937 95.322308 0.396184
simHit -98.534615 39.337395 43.156189 106.096658 0.396307
simTrack 0.032206 0.000192 -0.077061 9.499227 -3.129296 -4.067206 -1
simHit 3.974498 -1.288242 -1.763817 4.178062 -0.410532
simHit 6.706529 -2.168696 -2.931426 7.048459 -0.404754
simHit 9.461636 -3.046748 -4.107218 9.940082 -0.402261
simHit 25.711960 -8.027083 -11.010763 26.935830 -0.398173
simHit 30.866976 -9.535727 -13.203758 32.306350 -0.398105
simHit 41.314487 -12.478606 -17.610193 43.157879 -0.397491
simHit 46.111053 -13.783545 -19.630983 48.127075 -0.397359
simHit 57.318565 -16.721073 -24.371645 59.707723 -0.397622
simHit 64.342720 -18.479897 -27.319906 66.943948 -0.397547
simHit 73.908669 -20.782463 -31.329536 76.775009 -0.397517
simHit 84.950966 -23.299982 -35.947231 88.088341 -0.397528
simHit 91.338654 -24.691271 -38.611877 94.617168 -0.397532
simHit 106.393532 -27.770443 -44.877048 109.958088 -0.397572
simTrack 0.030913 -0.001303 0.008195 -9.559036 -2.909498 -4.077535 1
simHit -4.445957 -1.350909 -1.900109 4.646664 -0.398304
simHit -7.193684 -2.165858 -3.072022 7.512658 -0.398298
simHit -9.525263 -2.850159 -4.064330 9.942537 -0.398177
simHit -26.085596 -7.507869 -11.074749 27.144547 -0.397445
simHit -30.953890 -8.808876 -13.140329 32.182908 -0.397732
simHit -41.507614 -11.532480 -17.579302 43.079927 -0.397511
simHit -46.772289 -12.839674 -19.792925 48.502621 -0.397526
simHit -57.510010 -15.396942 -24.327929 59.535427 -0.398036
simHit -64.696198 -17.026941 -27.339386 66.899288 -0.398068
simHit -77.458961 -19.785059 -32.690689 79.945852 -0.398296
simHit -82.294067 -20.780979 -34.716110 84.877339 -0.398393
simHit -91.817764 -22.661354 -38.692749 94.572929 -0.398500
simHit -103.887772 -24.886055 -43.722603 106.826892 -0.398642
simTrack 0.030913 -0.001303 0.008195 9.559036 2.909498 4.077535 -1
simHit 4.445123 1.355142 1.892815 4.647099 0.396815
simHit 7.191036 2.212152 3.066909 7.523604 0.397118
simHit 9.504347 2.941744 4.056834 9.949194 0.397226
simHit 25.712025 8.241141 10.926357 27.000456 0.394371
simHit 33.358246 10.883623 14.229621 35.088828 0.395166
simHit 38.504578 12.688086 16.488300 40.541214 0.396253
simHit 45.585602 15.240839 19.536095 48.065895 0.396012
simHit 55.426533 18.901329 23.878342 58.560744 0.397224
simHit 64.208748 22.285965 27.714542 67.966371 0.397238
simHit 74.718887 26.484358 32.329906 79.273787 0.397292
simHit 82.863892 29.844936 35.925247 88.074654 0.397356
simHit 89.463882 32.638039 38.850662 95.231443 0.397416
simHit 99.422791 36.977100 43.275730 106.076375 0.397423
simTrack 0.033145 -0.000195 -0.043710 9.142639 4.042853 3.320558 1
simHit 3.817980 1.662626 1.329499 4.164289 0.314073
simHit 6.504930 2.829924 2.302543 7.093842 0.319138
simHit 9.524371 4.179231 3.383438 10.400943 0.319821
simHit 24.611300 10.401630 8.746405 26.719094 0.321766
simHit 32.754154 13.666258 11.671097 35.490861 0.323192
simHit 37.018677 15.319078 13.231569 40.063158 0.324541
simHit 47.663555 19.358252 17.037748 51.444693 0.325412
simHit 54.236534 21.774397 19.403223 58.444213 0.326181
simHit 66.300697 26.056843 23.670441 71.237220 0.326447
simHit 73.937988 28.665989 26.363089 79.300473 0.326608
simHit 82.920837 31.629694 29.516315 88.748537 0.326739
simHit 88.500519 33.417564 31.470213 94.599553 0.326819
simHit 100.107201 37.009525 35.524323 106.729361 0.326987
simTrack 0.033145 -0.000195 -0.043710 -9.142639 -4.042853 -3.320558 -1
simHit -3.794422 -1.703609 -1.435502 4.159318 -0.338621
simHit -6.462342 -2.903822 -2.407841 7.084775 -0.333637
simHit -9.485942 -4.277112 -3.510573 10.405613 -0.331280
simHit -21.433048 -9.840494 -7.874943 23.584124 -0.327996
simHit -31.949369 -14.920114 -11.762094 35.261480 -0.327673
simHit -39.522228 -18.687353 -14.552356 43.717544 -0.327013
simHit -43.398785 -20.650316 -15.991101 48.061316 -0.326871
simHit -56.514824 -27.471270 -20.927910 62.837855 -0.327178
simHit -56.471161 -35.758419 -33.237793 66.840531 -0.478769
simHit -71.537392 -25.875231 -41.357224 76.073162 -0.519910
simHit -75.866341 -38.082115 -28.264853 84.887862 -0.327103
simHit -84.906311 -43.267235 -31.729115 95.294991 -0.327093
simHit -94.241890 -48.780163 -35.333832 106.118039 -0.327103
simTrack 0.031398 0.000663 0.055305 -7.642231 6.435344 3.225346 1
simHit -3.188894 2.725770 1.417292 4.195100 0.331727
simHit -5.360773 4.579931 2.338232 7.050791 0.325831
simHit -7.541668 6.454574 3.265375 9.926645 0.323290
simHit -20.294443 17.683115 8.654325 26.917596 0.316216
simHit -26.492266 23.273638 11.347404 35.263329 0.316481
simHit -29.936678 26.451094 12.895639 39.948280 0.317450
simHit -38.301758 34.280182 16.600580 51.401902 0.317591
simHit -43.522366 39.279987 18.963657 58.626903 0.318073
simHit -50.185753 45.777996 21.968565 67.928158 0.318021
simHit -58.273914 53.850929 25.658867 79.345899 0.317993
simHit -64.903252 60.634819 28.719145 88.820118 0.317956
simHit -68.962997 64.859863 30.608711 94.671521 0.317932
simHit -77.253639 73.673225 34.513577 106.751435 0.317925
simTrack 0.030753 0.000214 0.022534 -8.574327 -5.142349 -1.655271 1
simHit -3.546262 -2.133420 -0.666996 4.138533 -0.160477
simHit -6.052154 -3.614304 -1.148596 7.049238 -0.162227
simHit -8.529803 -5.067353 -1.623559 9.921472 -0.162919
simHit -20.873531 -12.145784 -3.962608 24.150039 -0.163355
simHit -31.048519 -17.776655 -5.895645 35.777367 -0.164050
simHit -34.899067 -19.863758 -6.603450 40.156117 -0.163712
simHit -44.783443 -25.102201 -8.454306 51.338848 -0.163941
simHit -51.129242 -28.379751 -9.648185 58.477429 -0.164250
simHit -59.678867 -32.694984 -11.227736 68.047992 -0.164258
simHit -69.810242 -37.659210 -13.083704 79.320149 -0.164209
simHit -75.492043 -40.373711 -14.121672 85.610075 -0.164214
simHit -86.623894 -45.545464 -16.138348 97.867708 -0.164161
simHit -94.761597 -49.205486 -17.606268 106.775185 -0.164153
simTrack 0.034219 0.001957 -0.078846 -2.349958 -9.711588 4.731937 -1
simHit -0.938742 -4.061652 1.900125 4.168723 0.441338
simHit -1.598404 -6.866072 3.264887 7.049669 0.447990
simHit -2.253152 -9.693001 4.639377 9.951430 0.450780
simHit -5.233556 -23.131132 11.068649 23.715805 0.451249
simHit -7.649809 -34.885372 16.741453 35.714266 0.453098
simHit -8.535344 -39.343338 18.925795 40.258544 0.454316
simHit -10.060712 -47.389023 22.782700 48.445200 0.454471
simHit -11.848259 -57.384506 27.657322 58.594904 0.456037
simHit -13.392821 -66.614517 32.084164 67.947491 0.456201
simHit -15.224897 -78.467201 37.764488 79.930590 0.456450
simHit -16.377245 -86.537796 41.624146 88.073857 0.456576
simHit -17.326233 -93.635284 45.011417 95.224812 0.456649
simHit -19.022305 -107.612968 51.673923 109.281284 0.456799
simTrack 0.031059 0.000918 0.066532 3.106293 9.503080 -2.980253 1
simHit 1.323050 3.921776 -1.164038 4.138935 -0.277659
simHit 2.406815 7.163098 -2.182391 7.556635 -0.284933
simHit 3.316278 9.853035 -3.029449 10.396153 -0.287427
simHit 7.869610 22.907616 -7.136002 24.221677 -0.290509
simHit 11.704892 33.428429 -10.480510 35.418418 -0.291749
simHit 14.399273 40.591770 -12.756198 43.070069 -0.292006
simHit 16.379021 45.732590 -14.374913 48.577177 -0.291762
simHit 20.057747 55.039310 -17.386827 58.580192 -0.292610
simHit 24.404982 65.652008 -20.803059 70.041340 -0.292809
simHit 27.048225 71.914833 -22.827812 76.833259 -0.292902
simHit 31.540314 82.263123 -26.188581 88.102286 -0.293040
simHit 35.774895 91.696136 -29.264580 98.427763 -0.293105
simHit 38.991840 98.667824 -31.550419 106.092898 -0.293167
simTrack 0.031059 0.000918 0.066532 -3.106293 -9.503080 2.980253 -1
simHit -1.249505 -3.948545 1.304200 4.141530 0.309922
simHit -2.145517 -6.749837 2.180862 7.082622 0.303248
simHit -3.142244 -9.906784 3.167593 10.393174 0.300245
simHit -8.106246 -26.262716 8.165034 27.485296 0.292865
simHit -10.220005 -33.688393 10.456820 35.204493 0.292828
simHit -11.502890 -38.243694 11.899942 39.936157 0.293732
simHit -14.497554 -49.344696 15.333785 51.430323 0.293898
simHit -17.036480 -59.239071 18.419090 61.640159 0.294539
simHit -18.566605 -65.435326 20.320744 68.018385 0.294479
simHit -20.436506 -73.300064 22.733044 76.095665 0.294469
simHit -22.533514 -82.520790 25.553076 85.542037 0.294446
simHit -25.103287 -94.518677 29.217884 97.795477 0.294490
simHit -26.874466 -103.304794 31.892717 106.743231 0.294504
simTrack 0.031969 0.001954 0.020622 -6.537105 7.573423 0.884740 -1
simHit -2.692090 3.142649 0.388329 4.138066 0.093706
simHit -4.938692 5.710527 0.690086 7.549887 0.091277
simHit -6.821535 7.847933 0.942450 10.398240 0.090512
simHit -15.764683 17.810383 2.144533 23.785184 0.090041
simHit -21.489031 24.025019 2.793417 32.233212 0.086555
simHit -28.963852 31.963943 3.764163 43.134654 0.087155
simHit -32.761833 35.921211 4.257575 48.617601 0.087461
simHit -42.657021 46.003803 5.566367 62.737320 0.088609
simHit -45.688763 49.032192 5.945091 67.019541 0.088591
simHit -52.626297 55.834816 6.803564 76.727139 0.088556
simHit -58.507725 61.485870 7.527056 84.874414 0.088569
simHit -68.409096 70.767685 8.725593 98.426976 0.088535
simHit -76.473862 78.120827 9.690816 109.321156 0.088530
simTrack 0.031361 -0.000150 0.069643 -9.019045 -4.311084 3.709056 -1
simHit -3.732759 -1.810423 1.619534 4.148629 0.381087
simHit -6.357327 -3.085770 2.702242 7.066653 0.373639
simHit -8.942692 -4.352276 3.770398 9.945554 0.370565
simHit -24.444712 -12.162520 10.119997 27.303312 0.362650
simHit -31.379025 -15.809587 13.022538 35.136679 0.362625
simHit -36.096668 -18.310734 15.039742 40.475331 0.363519
simHit -45.909355 -23.657730 19.197901 51.646462 0.363650
simHit -51.943043 -27.029268 21.799812 58.554770 0.364193
simHit -62.953701 -33.345882 26.509806 71.239851 0.364027
simHit -69.912514 -37.452827 29.513397 79.312508 0.364022
simHit -75.331055 -40.709404 31.862694 85.627235 0.364017
simHit -85.716217 -47.101131 36.391144 97.804839 0.363988
simHit -95.443672 -53.272301 40.669914 109.304312 0.363989
simTrack 0.032229 -0.002055 0.096083 -8.325184 -5.522572 3.112957 1
simHit -3.449998 -2.300145 1.396047 4.146463 0.330627
simHit -5.889524 -3.895982 2.304188 7.061527 0.320772
simHit -8.301619 -5.462607 3.200019 9.937653 0.316689
simHit -22.560513 -14.489052 8.357566 26.812485 0.306865
simHit -29.924847 -19.022224 11.056624 35.459011 0.306970
simHit -33.761814 -21.338650 12.474676 39.939931 0.307468
simHit -43.311245 -26.991615 15.943233 51.033433 0.307537
simHit -49.732555 -30.697977 18.291367 58.443929 0.308076
simHit -58.003040 -35.360630 21.246468 67.931781 0.307875
simHit -65.178650 -39.312031 23.796124 76.116307 0.307748
simHit -76.318916 -45.270912 27.728502 88.735745 0.307610
simHit -84.352821 -49.438374 30.538898 97.772958 0.307477
simHit -95.232796 -54.912697 34.320705 109.930385 0.307343
simTrack 0.032013 0.001821 0.035926 -3.749363 9.263498 -4.209231 1
simHit -1.691690 4.293255 -1.911780 4.614527 -0.403276
simHit -2.591793 6.561549 -2.939410 7.054878 -0.405449
simHit -3.652014 9.255481 -4.158644 9.949931 -0.406656
simHit -9.795835 25.416458 -11.417427 27.238846 -0.407765
simHit -11.500338 30.083035 -13.518488 32.206315 -0.408306
simHit -15.398445 41.054798 -18.424612 43.847560 -0.408722
simHit -16.712612 44.858265 -20.096367 47.870401 -0.408363
simHit -20.431698 55.942509 -25.051188 59.556851 -0.409118
simHit -22.694380 62.947235 -28.153570 66.913297 -0.409229
simHit -25.651701 72.433083 -32.344234 76.841143 -0.409391
simHit -27.966530 80.136108 -35.737400 84.875925 -0.409512
simHit -30.691395 89.536819 -39.866726 94.650957 -0.409644
simHit -33.913403 101.195610 -44.972397 106.727084 -0.409810
simTrack 0.032013 0.001821 0.035926 3.749363 -9.263498 4.209231 -1
simHit 1.772042 -4.264024 1.976230 4.617579 0.415887
simHit 2.700364 -6.513216 3.000834 7.050812 0.413699
simHit 3.991568 -9.612873 4.415126 10.408647 0.412390
simHit 10.564281 -24.917261 11.335752 27.064255 0.407476
simHit 13.935987 -32.427940 14.797300 35.295652 0.407838
simHit 15.885324 -36.698681 16.804193 39.989207 0.408741
simHit 19.387140 -44.226387 20.277210 48.289072 0.408460
simHit 23.800879 -53.449520 24.647442 58.509256 0.409699
simHit 29.402407 -64.763596 29.950670 71.125416 0.409551
simHit 31.657913 -69.203407 32.042141 76.100822 0.409507
simHit 37.185772 -79.843124 37.079277 88.077841 0.409446
simHit 42.114658 -89.041138 41.460274 98.498572 0.409391
simHit 45.807907 -95.765656 44.679665 106.157549 0.409352
simTrack 0.031288 -0.000593 0.069970 7.989132 -6.027902 4.366375 1
simHit 3.713336 -2.794364 2.086419 4.647293 0.435095
simHit 5.640421 -4.269483 3.146167 7.074096 0.431253
simHit 7.897185 -6.008815 4.390612 9.923275 0.429160
simHit 21.103615 -16.436565 11.647300 26.749266 0.422722
simHit 27.556810 -21.651924 15.272909 35.045451 0.423069
simHit 31.716608 -25.104355 17.668375 40.449621 0.423982
simHit 37.724243 -30.142540 21.080626 48.287589 0.423766
simHit 47.875801 -38.861820 27.009783 61.663064 0.425102
simHit 52.680416 -43.086182 29.808636 68.056192 0.425082
simHit 58.665710 -48.440132 33.322205 76.079642 0.425074
simHit 67.521179 -56.552212 38.582027 88.075322 0.425135
simHit 75.073982 -63.652622 43.125877 98.426415 0.425223
simHit 82.935631 -71.227066 47.911888 109.323437 0.425319
simTrack 0.030370 -0.000758 0.075848 -9.175007 -3.979815 -2.218034 1
simHit -3.819662 -1.659902 -0.853903 4.164744 -0.203621
simHit -6.938795 -2.988676 -1.606397 7.555068 -0.211055
simHit -9.557815 -4.093972 -2.237043 10.397713 -0.213521
simHit -21.833374 -9.140719 -5.167567 23.669579 -0.216623
simHit -32.867237 -13.489602 -7.806979 35.527801 -0.218012
simHit -37.128609 -15.123711 -8.801947 40.090650 -0.217824
simHit -47.815868 -19.108536 -11.336617 51.492654 -0.218419
simHit -57.382191 -22.541103 -13.612410 61.650768 -0.219043
simHit -66.469116 -25.689037 -15.751442 71.260579 -0.219279
simHit -71.052177 -27.232391 -16.826405 76.092148 -0.219368
simHit -82.471176 -30.971375 -19.502180 88.094954 -0.219607
simHit -92.361229 -34.046776 -21.801956 98.436678 -0.219710
simHit -102.775658 -37.163536 -24.217690 109.288445 -0.219820
